{
    "train_FPR": 0.0718954248366013, 
    "epoch": 100, 
    "test_FNR": 0.028188286808976466, 
    "train_accuracy": 3.8252, 
    "test_accuracy": 0.9573, 
    "test_loss": 0.10538213397860527, 
    "train_FNR": 0.03339023557528167, 
    "train_loss": 0.10083325105905533, 
    "test_FPR": 0.08209509658246657
}