{
    "train_FPR": 0.014487319845828522, 
    "epoch": 86, 
    "test_FNR": 0.1093421447882247, 
    "train_accuracy": 3.8928, 
    "test_accuracy": 0.97475, 
    "test_loss": 0.06450133069455624, 
    "train_FNR": 0.08843179941445838, 
    "train_loss": 0.06343981371968985, 
    "test_FPR": 0.008457800971747345
}