{
    "train_FPR": 0.04309829995620496, 
    "epoch": 94, 
    "test_FNR": 0.12024209818426362, 
    "train_accuracy": 3.73715, 
    "test_accuracy": 0.93305, 
    "test_loss": 0.16761300656795503, 
    "train_FNR": 0.10387690653766042, 
    "train_loss": 0.1553411157757044, 
    "test_FPR": 0.0354158376442499
}