{
    "train_FPR": 0.04988279418659165, 
    "epoch": 91, 
    "test_FNR": 0.0185813101858131, 
    "train_accuracy": 3.8926, 
    "test_accuracy": 0.975, 
    "test_loss": 0.07827949302792549, 
    "train_FNR": 0.0184762229418783, 
    "train_loss": 0.0644983732238412, 
    "test_FPR": 0.04301484583174724
}