{
    "train_FPR": 0.04455092262208176, 
    "epoch": 94, 
    "test_FNR": 0.013377483443708609, 
    "train_accuracy": 3.9059, 
    "test_accuracy": 0.9801, 
    "test_loss": 0.05107514228820801, 
    "train_FNR": 0.016693716670530954, 
    "train_loss": 0.054604097913205626, 
    "test_FPR": 0.04
}