{
    "train_FPR": 0.0176454412124175, 
    "epoch": 97, 
    "test_FNR": 0.08139216223622911, 
    "train_accuracy": 3.8776, 
    "test_accuracy": 0.9731, 
    "test_loss": 0.06589777217507363, 
    "train_FNR": 0.0889026402640264, 
    "train_loss": 0.07128855936154724, 
    "test_FPR": 0.014739159684422971
}