{
    "train_FPR": 0.012118018967334035, 
    "epoch": 73, 
    "test_FNR": 0.1106523534269199, 
    "train_accuracy": 3.9071, 
    "test_accuracy": 0.9777, 
    "test_loss": 0.05485916902422905, 
    "train_FNR": 0.10302844280744833, 
    "train_loss": 0.055286037117242816, 
    "test_FPR": 0.010126294231425645
}