{
    "train_FPR": 0.06497510078254684, 
    "epoch": 100, 
    "test_FNR": 0.03814713896457766, 
    "train_accuracy": 3.8375, 
    "test_accuracy": 0.956, 
    "test_loss": 0.09930418133735656, 
    "train_FNR": 0.031910379360095054, 
    "train_loss": 0.09461257058382035, 
    "test_FPR": 0.06015037593984962
}