{
    "train_FPR": 0.019849110831686726, 
    "epoch": 94, 
    "test_FNR": 0.18189910979228488, 
    "train_accuracy": 3.82255, 
    "test_accuracy": 0.95525, 
    "test_loss": 0.11622233004271984, 
    "train_FNR": 0.16846013943619279, 
    "train_loss": 0.10846706879585981, 
    "test_FPR": 0.016957306073361395
}