{
    "train_FPR": 0.01536198963247714, 
    "epoch": 94, 
    "test_FNR": 0.09847434119278779, 
    "train_accuracy": 3.8877, 
    "test_accuracy": 0.9717, 
    "test_loss": 0.06763608566522598, 
    "train_FNR": 0.10517484987636877, 
    "train_loss": 0.06575239656493068, 
    "test_FPR": 0.01647581210563216
}