{
    "train_FPR": 0.02257873747099944, 
    "epoch": 91, 
    "test_FNR": 0.16864072194021432, 
    "train_accuracy": 3.8215, 
    "test_accuracy": 0.9544, 
    "test_loss": 0.1122295140683651, 
    "train_FNR": 0.14808226001565503, 
    "train_loss": 0.10417720712274313, 
    "test_FPR": 0.019083505530570075
}