{
    "train_FPR": 0.14153439153439154, 
    "epoch": 90, 
    "test_FNR": 0.1265328874024526, 
    "train_accuracy": 3.4747540983606555, 
    "test_accuracy": 0.8663934426229508, 
    "test_loss": 0.2950125352671889, 
    "train_FNR": 0.1244166895415866, 
    "train_loss": 0.2847723491270034, 
    "test_FPR": 0.14371019108280256
}