{
    "train_FPR": 0.10414971521562245, 
    "epoch": 97, 
    "test_FNR": 0.014799518155222853, 
    "train_accuracy": 3.8557534246575345, 
    "test_accuracy": 0.9628767123287671, 
    "test_loss": 0.09000250808996697, 
    "train_FNR": 0.017913684667100412, 
    "train_loss": 0.08468514685353187, 
    "test_FPR": 0.12424445936870383
}