{
    "train_FPR": 0.036234973143490494, 
    "epoch": 96, 
    "test_FNR": 0.03162463828028111, 
    "train_accuracy": 3.878974358974359, 
    "test_accuracy": 0.9702564102564103, 
    "test_loss": 0.08237915291235998, 
    "train_FNR": 0.026655025422423092, 
    "train_loss": 0.07358197855834778, 
    "test_FPR": 0.026671168129642132
}